relative_energy_budget.ecsv
# %ECSV 0.9
# ---
# datatype:
# - {name: w0, unit: Angstrom, datatype: float64, description: left edge of wavelength
#     bin}
# - {name: w1, unit: Angstrom, datatype: float64, description: right edge of wavelength
#     bin}
# - {name: Efrac, unit: '', datatype: float64, description: fraction of energy emitted
#     by flare in wavelength range relative to COS G130M bandpass (see table metadata
#     for COS G130M bandpass definition)}
# - {name: Edensity, unit: 1 / Angstrom, datatype: float64, description: Efrac divided
#     by the bandwidth of the integration}
# meta: !!omap
# - {reference emission: Si IV}
# - reference bandpass:
#   - [1393.2950917066767, 1394.2249082933236]
#   - [1402.302086294179, 1403.2379137058213]
# schema: astropy-2.0
w0 w1 Efrac Edensity
912.0 920.0 0.0955525973437 0.011944074668
920.0 972.213596242 0.623643092197 0.011944074668
972.213596242 972.862403758 0.0726962370814 0.112045923151
972.862403758 976.694101208 0.0457660804442 0.011944074668
976.694101208 977.345898792 0.167533500931 0.257033018983
977.345898792 1025.43783662 0.57441369637 0.011944074668
1025.43783662 1026.12216338 0.688882853706 1.0066577823
1026.12216338 1031.56779121 0.0650429854133 0.011944074668
1031.56779121 1032.25620879 0.226198247261 0.328577090593
1032.25620879 1037.26688956 0.0598479452051 0.011944074668
1037.26688956 1037.95911044 0.227447923791 0.328577090593
1037.95911044 1173.64741561 1.62067124853 0.011944074668
1173.64741561 1174.53808554 0.00797333241123 0.00895206202357
1174.53808554 1176.76239479 0.973144078474 0.437503946627
1176.76239479 1206.10755158 0.262699663665 0.00895206202357
1206.10755158 1206.91244842 1.02419027061 1.27244912469
1206.91244842 1214.45433 0.0675153917099 0.00895206202357
1214.45433 1215.46738833 2.07620121223 2.0494389552
1215.46738833 1215.87261167 29.7018113325 73.2973866243
1215.87261167 1216.88567 2.07620121223 2.0494389552
1216.88567 1238.40777379 0.192667208042 0.00895206202357
1238.40777379 1239.23422621 0.0634765717151 0.0768060819921
1239.23422621 1242.38944521 0.0282457162061 0.00895206202357
1242.38944521 1243.21855479 0.0636806586536 0.0768060819921
1243.21855479 1301.73564284 0.523848601666 0.00895206202357
1301.73564284 1302.60435716 0.0290667533752 0.0334595077464
1302.60435716 1304.42474555 0.016296229836 0.00895206202357
1304.42474555 1305.29525445 0.0291267989657 0.0334595077464
1305.29525445 1305.59435528 0.0026775692664 0.00895206202357
1305.59435528 1306.46564472 0.0291529154493 0.0334595077464
1306.46564472 1334.08684804 0.247266725337 0.00895206202357
1334.08684804 1334.97715196 0.245830881474 0.27612018374
1334.97715196 1335.26245577 0.0025540574066 0.00895206202357
1335.26245577 1336.15354423 0.246047509563 0.27612018374
1336.15354423 1393.29509171 0.51153467713 0.00895206202357
1393.29509171 1394.22490829 0.498389075032 0.536007941985
1394.22490829 1402.30208629 0.0723073984391 0.00895206202357
1402.30208629 1403.23791371 0.501610924968 0.536007941985
1403.23791371 1428.89991877 0.229727860966 0.00895206202357
1428.89991877 1547.6855754 1.31169498823 0.0110425368299
1547.6855754 1548.7184246 1.36541837852 1.32199200071
1548.7184246 1550.25671747 0.016986655722 0.0110425368299
1550.25671747 1551.29128253 1.3676867234 1.32199200071
1551.29128253 1639.85282146 0.977944055367 0.0110425368299
1639.85282146 1640.94717854 0.513817263302 0.469515180225
1640.94717854 1655.7175278 0.16310212563 0.0110425368299
1655.7175278 1658.6730893 0.253149267195 0.0856518353849
1658.6730893 1670.23268445 0.127647255159 0.0110425368299
1670.23268445 1671.34731555 0.15999957355 0.143544866301
1671.34731555 1700.0 0.316398323263 0.0110425368299
1700.0 2795.41923738 "" ""
2795.41923738 2797.28476262 1.22937996475 0.658999370339
2797.28476262 2802.59484305 "" ""
2802.59484305 2804.46515695 1.23253567955 0.658999370339
