relative_energy_budget.ecsv
# %ECSV 0.9
# ---
# datatype:
# - {name: w0, unit: Angstrom, datatype: float64, description: left edge of wavelength
#     bin}
# - {name: w1, unit: Angstrom, datatype: float64, description: right edge of wavelength
#     bin}
# - {name: Efrac, unit: '', datatype: float64, description: fraction of energy emitted
#     by flare in wavelength range relative to COS G130M bandpass (see table metadata
#     for COS G130M bandpass definition)}
# - {name: Edensity, unit: 1 / Angstrom, datatype: float64, description: Efrac divided
#     by the bandwidth of the integration}
# meta: !!omap
# - {reference emission: Si IV}
# - reference bandpass:
#   - [1393.2950917066767, 1394.2249082933236]
#   - [1402.302086294179, 1403.2379137058213]
# schema: astropy-2.0
w0 w1 Efrac Edensity
100.0 200.0 43.1746249385 0.431746249385
200.0 300.0 32.1845542951 0.321845542951
300.0 400.0 16.7185488247 0.167185488247
400.0 500.0 0.239636860545 0.00239636860545
500.0 600.0 0.283292613235 0.00283292613235
600.0 700.0 0.508581130003 0.00508581130003
700.0 800.0 0.458884791938 0.00458884791938
800.0 912.0 0.434094062997 0.00387583984818
912.0 920.0 0.100897452708 0.0126121815885
920.0 972.213596242 0.658527357191 0.0126121815885
972.213596242 972.862403758 0.0404734921055 0.0623813551869
972.862403758 976.694101208 0.0483260640276 0.0126121815885
976.694101208 977.345898792 0.0932739588674 0.143102645781
977.345898792 1025.43783662 0.606544252855 0.0126121815885
1025.43783662 1026.12216338 0.383534222134 0.560454810879
1026.12216338 1031.56779121 0.068681247053 0.0126121815885
1031.56779121 1032.25620879 0.246777285095 0.35847033893
1032.25620879 1037.26688956 0.0631956157012 0.0126121815885
1037.26688956 1037.95911044 0.248140654551 0.35847033893
1037.95911044 1173.64741561 1.71132554425 0.0126121815885
1173.64741561 1174.53808554 0.00841933084238 0.00945280693325
1174.53808554 1176.76239479 1.02219983621 0.459558324892
1176.76239479 1206.10755158 0.277394101551 0.00945280693325
1206.10755158 1206.91244842 1.03395884931 1.28458556044
1206.91244842 1214.45433 0.0712919505223 0.00945280693325
1214.45433 1215.46738833 0.210087303688 0.207379275976
1215.46738833 1215.87261167 16.5364271213 40.8081809733
1215.87261167 1216.88567 0.210087303688 0.207379275976
1216.88567 1238.40777379 0.203444291962 0.00945280693325
1238.40777379 1239.23422621 0.0692515358748 0.0837937367876
1239.23422621 1242.38944521 0.0298256760604 0.00945280693325
1242.38944521 1243.21855479 0.069474190211 0.0837937367876
1243.21855479 1301.73564284 0.553150735636 0.00945280693325
1301.73564284 1302.60435716 0.0161828598081 0.0186285174721
1302.60435716 1304.42474555 0.0172077800594 0.00945280693325
1304.42474555 1305.29525445 0.0162162900767 0.0186285174721
1305.29525445 1305.59435528 0.00282734248925 0.00945280693325
1305.59435528 1306.46564472 0.0162308303794 0.0186285174721
1306.46564472 1334.08684804 0.261097902301 0.00945280693325
1334.08684804 1334.97715196 0.264306535402 0.296872259015
1334.97715196 1335.26245577 0.00269692183739 0.00945280693325
1335.26245577 1336.15354423 0.264539444381 0.296872259015
1336.15354423 1393.29509171 0.54014801616 0.00945280693325
1393.29509171 1394.22490829 0.498389075032 0.536007941985
1394.22490829 1402.30208629 0.0763520042076 0.00945280693325
1402.30208629 1403.23791371 0.501610924968 0.536007941985
1403.23791371 1428.89991877 0.242577979373 0.00945280693325
1428.89991877 1547.6855754 1.01526519 0.00854703521266
1547.6855754 1548.7184246 0.980570514439 0.949384010503
1548.7184246 1550.25671747 0.0131478433659 0.00854703521266
1550.25671747 1551.29128253 0.982199518511 0.949384010503
1551.29128253 1639.85282146 0.75693859174 0.00854703521266
1639.85282146 1640.94717854 0.323780132114 0.295863331071
1640.94717854 1655.7175278 0.12624269518 0.00854703521266
1655.7175278 1658.6730893 0.119781848393 0.0405276115325
1658.6730893 1670.23268445 0.0988002667728 0.00854703521266
1670.23268445 1671.34731555 0.172024493819 0.154333117383
1671.34731555 1700.0 0.244895502892 0.00854703521266
1700.0 2795.41923738 "" ""
2795.41923738 2797.28476262 0.6844549635 0.366896649453
2797.28476262 2802.59484305 "" ""
2802.59484305 2804.46515695 0.686211901728 0.366896649453
